4294967278,11
4294967279,23
4294967279,22
4294967278,336
4294967278,335
4294967278,333
4294967278,332
4294967278,22
4294967278,334
4294967278,280
4294967278,10
4294967279,127
4294967279,126
4294967279,117
4294967279,406
4294967279,21
4294967279,7
113,6
115,6
115,5
115,4
110,10
110,9
110,8
110,7
110,6
4294967278,168
110,4
144,4
110,5
4294967294,1442
99,5
98,6
96,5
4294967294,1447
32,2
136,4
4294967278,156
136,5
4294967279,405
4294967279,253
4294967279,404
4294967278,125
4294967278,123
4294967278,121
4294967278,115
4294967278,112
4294967279,124
4294967279,121
4294967279,116
4294967279,115
4294967279,114
4294967279,106
4294967279,403
4294967278,251
4294967279,402
4294967279,241
4294967278,331
4294967279,239
135,6
135,5
135,4
133,5
133,4
4294967278,151
138,6
138,5
138,4
4294967294,491
4294967294,1446
4294967278,148
10,2
32,5
32,4
10,7
10,6
10,5
10,4
246,12
246,0
246,11
246,5
246,10
4294967278,219
4294967279,366
4294967279,112
4294967278,299
4294967279,348
246,9
4294967279,345
4294967278,298
246,8
246,7
4294967279,340
102,2
4294967278,192
104,10
104,0
4294967279,105
4294967279,401
4294967279,104
4294967279,219
4294967278,330
4294967278,329
4294967278,217
4294967278,103
4294967278,328
4294967279,103
4294967278,277
104,9
104,8
104,1
104,7
104,2
4294967278,101
4294967279,101
4294967279,94
4294967279,394
4294967278,321
4294967278,207
4294967279,84
4294967279,388
4294967278,320
4294967278,383
4294967278,92
4294967278,90
4294967278,82
4294967278,81
4294967279,93
4294967279,92
4294967279,90
4294967279,82
4294967279,81
4294967278,80
4294967279,79
4294967278,78
4294967278,76
4294967279,76
4294967278,316
4294967279,73
4294967279,72
4294967278,71
4294967279,71
4294967279,343
4294967278,70
4294967279,70
4294967278,68
4294967279,68
4294967278,382
4294967278,88
4294967279,63
4294967278,61
4294967278,239
4294967278,60
4294967278,310
4294967279,370
4294967278,59
4294967278,57
4294967278,55
4294967278,52
4294967278,51
4294967278,50
4294967278,381
4294967278,49
4294967279,295
4294967278,380
4294967278,555
4294967278,551
4294967279,329
4294967278,296
4294967279,399
4294967279,398
4294967278,275
4294967279,281
4294967278,272
4294967279,326
4294967279,447
4294967278,271
4294967279,278
4294967279,261
4294967279,446
4294967279,445
4294967279,2
4294967279,444
4294967279,443
4294967278,571
4294967279,356
4294967278,565
4294967279,380
4294967279,396
4294967278,223
25,2
104,6
104,5
104,4
4294967278,327
102,6
102,5
102,4
79,2
4294967278,212
25,5
25,4
80,2
79,6
79,5
79,4
44,2
44,5
44,4
4294967294,1466
4294967278,206
80,4
4294967294,417
4294967294,1445
4294967294,1427
4294967278,129
4294967278,128
4294967278,323
4294967278,127
4294967278,126
4294967278,124
4294967278,119
4294967278,245
4294967278,118
4294967278,322
4294967278,117
4294967278,241
4294967278,116
4294967278,114
4294967278,225
4294967278,107
4294967278,106
4294967278,104
4294967278,98
4294967278,97
4294967278,96
4294967278,325
4294967278,95
4294967278,93
4294967278,47
4294967278,40
4294967278,39
4294967278,326
4294967278,37
4294967278,34
4294967278,31
4294967278,30
4294967278,29
4294967278,28
4294967278,26
4294967278,24
4294967278,21
4294967278,20
4294967278,19
4294967278,18
4294967278,16
4294967278,14
4294967278,324
4294967278,9
4294967278,8
4294967278,6
4294967279,174
4294967279,395
4294967279,260
4294967279,392
4294967279,400
4294967279,20
4294967279,19
4294967279,17
4294967279,397
4294967279,14
4294967279,11
4294967279,10
4294967279,9
4294967279,8
4294967279,6
4294967294,955
4294967279,442
4294967278,379
4294967278,201
4294967294,1461
4294967279,441
246,6
246,4
246,3
246,2
246,1
4294967279,306
4294967279,440
4294967279,439
4294967278,378
4294967278,0
4294967279,438
4294967278,315
4294967278,377
110,3
4294967279,437
244,6
244,5
244,4
244,3
244,2
244,1
4294967279,299
4294967294,1420
4294967294,81
4294967278,312
4294967279,436
4294967294,38
4294967294,37
4294967278,307
4294967279,435
243,7
243,6
243,5
243,4
243,3
243,2
243,1
4294967278,376
4294967278,375
0,5
4294967294,1441
4294967294,46
4294967279,434
4294967279,0
4294967278,374
4294967279,433
4294967278,573
4294967279,393
4294967294,89
4294967294,0
241,6
241,5
241,4
241,3
241,2
241,1
4294967278,373
0,7
4294967278,372
4294967279,432
4294967278,371
4294967294,40
4294967294,1
4294967294,92
4294967294,91
4294967294,90
4294967294,88
4294967294,87
4294967294,86
4294967294,85
4294967294,84
4294967294,53
4294967294,45
4294967294,29
4294967294,924
4294967294,28
4294967294,44
4294967294,27
4294967294,94
4294967294,96
4294967294,6
4294967294,93
4294967294,95
4294967294,972
4294967294,17
4294967294,99
4294967294,76
4294967294,36
4294967279,431
4294967294,43
4294967294,39
4294967294,7
4294967294,22
4294967294,42
4294967294,67
4294967278,546
4294967294,41
4294967294,51
239,6
239,5
239,4
239,3
239,2
239,1
4294967278,545
4294967294,25
4294967294,26
4294967294,82
4294967294,5
4294967294,8
4294967294,9
4294967294,1452
4294967278,370
4294967279,430
4294967294,1440
4294967294,1465
237,10
237,9
237,8
237,7
237,6
237,5
237,4
237,3
237,2
237,1
4294967278,369
4294967278,368
4294967278,367
4294967294,190
4294967279,429
4294967279,428
4294967294,1435
4294967278,366
4294967294,1439
4294967278,574
4294967279,374
4294967278,365
4294967278,364
4294967278,311
4294967294,1438
232,6
232,5
232,4
232,3
232,2
232,1
4294967278,363
231,6
231,5
231,4
231,3
231,2
231,1
4294967294,398
4294967294,184
4294967294,110
4294967294,504
229,5
229,4
229,3
229,2
229,1
4294967294,1429
4294967294,1464
4294967278,362
228,5
228,4
228,3
228,2
228,1
4294967294,52
4294967279,391
227,5
227,4
227,3
227,2
227,1
226,8
226,7
226,6
226,5
226,4
226,3
226,2
226,1
225,6
225,5
225,4
225,3
225,2
225,1
4294967294,488
4294967279,389
4294967279,390
223,7
223,6
223,5
223,4
223,3
223,2
223,1
4294967278,566
4294967278,514
102,3
4294967294,489
4294967294,1437
4294967278,558
220,7
220,6
220,5
220,4
220,3
220,2
220,1
4294967279,378
4294967279,385
4294967294,503
4294967278,569
217,6
217,5
217,4
217,3
217,2
217,1
4294967278,563
4294967278,562
4294967278,561
4294967278,559
4294967278,564
4294967278,554
4294967279,384
4294967279,382
4294967279,387
4294967294,164
4294967294,463
4294967294,108
4294967294,185
4294967294,917
4294967279,386
4294967278,568
4294967279,427
4294967294,1467
4294967294,1428
215,6
215,5
215,4
215,3
215,2
215,1
213,5
213,4
213,3
213,2
213,1
4294967279,426
212,6
212,5
212,4
212,3
4294967294,487
212,2
212,1
4294967294,1434
4294967294,1457
4294967278,361
210,6
210,5
210,4
210,3
210,2
210,1
4294967279,381
4294967294,490
4294967294,1432
4294967279,344
4294967294,1462
4294967294,1426
4294967278,360
208,7
